25485
61482
65068
73279
64122
91482
32157
13949
16316
95567
84217
59218
45784
33131
87131
45467
4985
93628
35527
88221
49937
26119
30937
6934
46505
93389
35737
94233
23094
33904
45364
6268
45677
7094
96098
23626
61105
32275
25277
41819
7730
16290
46805
24942
27937
74849
44972
29595
36050
4357
26750
84893
92180
1507
14630
75462
55359
65500
46263
91074
15656
37800
30738
51638
41048
64701
67459
8782
10793
99350
47404
43344
91303
24321
85761
70170
63820
23110
77795
73684
19209
87810
26603
54394
48929
6023
97569
46298
77329
10045
13936
26892
23637
50238
59406
45472
13712
27256
50104
1108
79815
9180
6986
48897
24339
51503
26132
71911
33240
88678
84291
7488
73729
79370
32268
56714
44464
91726
90794
51126
34124
51066
21840
11639
87323
86307
72586
98221
82375
59181
41034
4113
55158
59558
95222
32546
13150
91834
95903
48809
49174
17835
43830
75307
36086
30221
60406
86022
38606
89398
26943
65100
59369
9183
1915
8745
90448
6404
53966
70805
9408
64677
77821
98369
85885
73702
62517
28508
86404
60437
38338
29475
61456
3816
7346
58952
51342
35410
97563
67347
57670
46584
27657
89664
18152
15666
48348
2126
83744
96484
79375
57968
45918
50859
98904
64282
56838
33190
4723
60809
4126
48315
18450
1082
40800
41948
31024
86572
94691
92030
36756
62736
79766
30776
77559
45356
43613
98582
73312
55599
21473
83669
34125
46684
47408
28052
84358
26490
72446
1097
62983
79672
54906
10087
42985
78092
54743
50309
2727
56957
34729
73304
96436
49734
4051
73446
82981
1516
68788
3802
60063
48213
61030
88512
35407
53409
97182
56141
91200
62228
16160
98118
94867
5995
14395
98732
23316
46121
34180
80182
16342
18968
9035
22551
5152
93970
64074
68967
52642
62072
29391
41969
63523
66124
3808
33122
17249
15901
49098
38336
15281
74969
19995
89381
82238
8161
2248
76965
67207
72034
31808
71548
82522
43285
23458
96445
89061
19677
96807
99020
47709
77999
77210
31823
77485
36984
14497
60333
20527
94614
24183
94382
32342
11522
60929
8872
71886
61331
59370
70490
54486
37964
50680
72760
64197
72440
73973
20379
99543
5056
84038
73367
58930
74860
317
23363
74907
49161
91890
18975
40407
18427
47091
42667
81033
85398
5937
89420
27304
33952
23616
59370
10835
67167
85158
41107
71614
88785
20496
36763
69275
93610
59691
65369
58269
73625
7771
32736
19959
69816
38632
85802
24953
24560
90312
56651
9717
48763
14608
61058
97835
92590
97501
60040
45003
84043
37092
81953
28279
81230
29384
50062
93025
86682
25383
12644
67371
75342
41635
77465
27544
27322
31222
12547
38949
47966
63344
73833
49870
34792
90411
49798
45082
18625
32417
65928
20007
30146
23908
4630
16902
88934
78156
46735
62541
67305
1157
94429
90281
64699
63731
87535
15060
66926
35078
40357
76231
10029
24986
55898
84008
53728
4907
93551
30330
7407
30450
53111
82616
39956
67054
50291
19406
95005
93019
24818
74916
59175
99830
38235
3983
56947
38968
27065
6763
16863
83995
8630
75746
87459
66212
65525
40212
337
14255
19955
5339
25376
93464
75300
90970
88026
92845
13377
29158
51036
99846
13784
41164
27180
26273
87822
82442
84202
29273
12328
94507
7211
30280
61972
16870
24169
54693
68771
55554
84321
99894
15716
38543
54772
33428
34129
56838
54903
93156
99181
80403
72139
46495
70642
73384
33530
95164
10722
57988
19997
53352
40368
92075
83840
84887
56660
87701
38693
85751
95100
61011
41397
6652
57867
59976
34830
96588
72158
50145
90021
98538
49407
70432
57708
69310
84352
5551
45701
99308
87576
72548
27828
67304
67844
30506
95594
30903
19142
58245
209
15461
12733
86501
33921
69151
41663
10870
57161
87441
23151
97646
13893
11170
44810
70661
3158
61701
92325
74845
48742
65692
35887
20114
68451
36682
36338
36774
76552
34615
39887
52179
114
48951
46280
46426
96328
40781
60135
68337
26888
32140
44086
15602
50651
65601
70706
12613
1529
4938
15498
90516
45265
77461
69488
99555
26054
88414
73508
68842
81047
88929
19280
31287
56325
51839
30189
40217
49628
41699
90539
18368
72834
72447
83950
49488
61363
44215
49326
24305
56576
3486
74755
88898
75161
99007
38527
43287
82921
84921
94589
34054
34251
23662
48863
86077
38759
1493
83978
48746
6805
4273
27344
14159
38848
27408
80369
29696
7712
5108
14543
77381
95955
587
66899
29842
76892
26002
20543
71670
12989
37102
74630
43407
35514
99383
19012
77578
12166
61428
43781
45756
6310
60708
42594
33989
29294
47030
72530
67662
70328
74931
89295
92443
60037
29118
80997
25415
4377
79510
51069
38618
54612
6115
77419
74790
56777
37410
97811
85319
36000
16031
95177
20507
72310
71561
46709
68068
15186
38821
26574
88473
33359
49039
90030
47339
52291
52942
94758
20264
80319
4571
95082
41468
56130
87679
9041
51609
24488
33356
10755
42356
50914
72048
77713
79592
82538
63244
12524
4941
84253
9483
92646
50014
13436
77079
49205
2670
83335
33292
21536
27401
16
12849
14335
78410
26263
540
33252
45732
65837
37552
81404
40616
96663
81889
90704
70218
42401
62758
10007
72469
2869
66547
5160
11497
65127
35397
23812
89267
48282
70274
1500
2734
56235
34880
49913
80433
57281
77937
16602
961
58997
67807
44586
38661
78123
18331
55356
98014
2562
72167
58109
88622
86045
94193
37863
65385
5176
74652
47600
94853
66994
84779
89541
49415
35065
16391
59699
44710
63279
6897
45621
39834
42564
35149
12963
39766
42215
40286
98662
81678
87897
58322
28284
41231
63939
94130
58483
3320
38837
336
45
71699
57651
11372
61738
19951
53325
34450
37661
42504
50232
57611
63517
47306
8495
86521
92996
77536
67083
56082
73132
56049
39189
59180
70252
67295
92272
654
48413
73726
94753
61909
67783
28082
78346
49611
98044
83983
352
21841
36802
74628
37000
99162
84046
7020
15742
29734
33793
46233
77561
26585
18777
17137
61071
79755
38212
92007
23398
45403
91237
91245
72175
36325
53534
45871
81502
77596
34787
14327
93065
36872
4693
80926
28628
95099
4411
4212
278
36847
20204
69368
29231
11930
50688
82173
13447
79044
75158
57073
77650
42402
21181
61008
76231
84304
46757
33149
77298
49549
57519
92573
94430
82408
22654
71695
68869
16080
15825
11949
62176
93942
3946
18138
47047
47848
78629
9659
19407
77330
23253
8742
8729
