89953
71080
17336
58190
6879
40889
87920
12559
53466
24024
84850
86687
47370
48895
7020
99171
82170
7611
363
47915
71168
77075
19874
43509
40448
27720
91160
22300
83821
87097
13211
65536
97336
88861
63497
64788
98556
2273
29538
13379
65083
28076
96717
6214
59906
10893
43062
88958
38267
408
54146
14585
27452
85371
20251
92378
64035
81524
39392
44621
43572
4646
58353
80925
38712
7114
37075
1651
21741
55987
90528
9424
42055
35003
87013
25076
20929
94307
56946
11984
90378
39940
42112
60283
68705
56942
76301
81032
61640
40715
50749
14720
60390
75315
87084
4851
266
99137
71016
33938
68802
32551
10193
96688
53010
54013
18270
43766
43155
52179
69376
73698
64482
32073
33237
93005
21215
34399
30252
25166
53353
91468
40178
73752
86744
3168
76530
41616
39053
97104
13108
99366
36813
126
753
46495
1546
69233
33535
18526
74975
93327
86960
95804
46426
96032
75385
32777
83764
67732
30048
34209
62776
5194
75626
47053
55620
73511
99520
59955
96863
8342
25715
83495
26827
48874
46753
37543
46468
98599
4346
65454
61454
10488
60025
36922
49395
26498
72780
48028
41291
32563
41062
17619
70090
12957
38187
70154
1892
66642
98394
71714
5538
29287
79120
66926
30532
33816
49186
78379
74590
33551
97522
24762
10335
54982
7906
66105
25953
9151
28209
27479
21683
80519
71012
24479
86348
62611
31214
17852
85492
32924
20419
19175
87513
37972
11477
53541
59480
72188
77136
18964
4428
45271
28906
9479
84885
38770
10401
34182
49132
91030
23016
6661
76572
66704
96723
71624
65713
8515
3906
32514
81822
12510
8542
46732
37576
73938
20874
45038
41193
73693
89761
16799
11702
7599
15404
9195
45393
31812
71839
21096
63720
76079
31099
60680
146
40025
4098
79460
20891
9560
3369
34940
43208
36909
87155
50467
4968
63267
75263
83604
98824
79152
81162
92147
96009
81372
65216
93614
48230
48288
87169
68171
47578
44747
86056
67002
28303
95249
65784
6548
66257
23932
71876
29344
42984
29082
95415
12074
97680
74689
39109
64034
61843
98633
49485
37817
69285
79569
4905
30160
98700
82015
44783
55635
61184
37316
72090
72982
98995
98162
65461
50900
18084
17299
62376
6252
90609
21241
54085
41426
15384
25945
97419
13983
70522
32371
94036
43652
16171
29740
11222
16765
35842
51220
5766
18958
48197
79107
62942
94909
23644
62210
16173
16650
68557
67740
83813
39528
39661
60933
69691
83000
76258
51952
47734
5151
31932
96292
13469
39725
99332
27495
49059
79939
17108
97627
76231
97538
60104
77196
35817
85927
45350
13610
4785
26928
91274
30208
69826
76198
36126
39959
28564
10446
26365
92484
33128
86489
28761
94470
34648
69605
23780
46296
73171
90689
73539
79539
56073
40246
70412
89755
61607
40593
92823
92579
35617
45764
35919
36245
97755
10141
85178
96190
92325
41370
48038
62157
79041
38090
5254
32037
73330
97702
94898
53664
2607
27682
10922
24351
29583
89414
23171
61771
852
4175
609
43034
69455
17925
69771
58368
283
53705
58265
38237
67885
83912
76419
19424
50637
93208
26470
95522
66497
95450
30359
99067
38436
42886
81418
85300
37595
26805
42760
48758
1615
62231
40393
64013
28344
87026
41794
55812
58124
29064
8418
83990
25005
18907
79173
43504
44709
24614
68551
22427
64788
53779
11856
3101
28565
18115
49979
42296
73478
51924
65300
1736
62096
55427
18620
3475
24030
31592
65291
38828
64859
96013
20757
60540
52498
39439
85317
79573
45775
55425
18173
68948
83676
71975
44609
13225
91207
11128
2934
17209
58191
83784
8181
4333
5430
244
549
54794
98301
84504
18005
50211
67689
40487
1967
69204
51752
10638
31119
22632
83325
88172
77385
56705
27645
39422
82309
40298
16201
36284
15504
33253
85281
28423
56081
27504
39691
19552
75005
80269
81851
70400
89068
34635
16197
94398
69090
76057
25254
66357
90985
64506
7129
89076
93012
22730
19232
68116
39335
97533
73731
24517
30762
68341
70580
31332
44125
521
19851
48348
35335
52701
18919
16223
40736
30347
30679
95706
72177
82955
51190
41463
15164
28302
73958
85432
11931
48463
16427
18060
83786
25378
11155
74198
64107
3749
104
70040
8760
14943
69332
5705
57396
72737
92445
89951
45244
89649
14346
15666
77728
39421
53053
51264
47307
58207
77987
66983
4550
86894
88834
9300
33159
52205
8462
24976
67958
5279
59501
21353
99911
24365
44476
95769
37406
70905
33024
27863
56942
39775
20950
80200
19392
4288
75829
11663
48866
19892
31119
13100
60285
78948
18054
49987
90
22901
55231
53250
32209
15118
20735
68750
65983
2763
53507
80116
57565
44417
89838
38744
90290
59642
74065
4560
19705
63573
77667
70589
8453
97252
79208
11248
51227
37283
31209
22809
30500
22290
32349
85489
85886
37650
15409
10055
129
83254
67173
9867
85913
94032
64917
63228
87031
50889
13526
11863
20066
98117
71780
95532
63158
69009
76007
42247
37070
91048
99676
77200
43049
61321
74208
22935
52598
48881
65343
84762
95236
60567
24862
29177
29590
90573
73501
63977
4580
19675
78141
18809
45899
22808
24821
28700
84362
97018
39097
92673
68973
5848
24858
33810
30235
73463
76680
4646
73794
35685
89558
1652
8948
79054
73381
71888
12073
41494
18965
70993
14087
83490
5326
56507
74922
44840
5477
85565
6217
30299
68675
77703
14183
10772
84027
40866
55688
73863
75314
46075
90924
79136
9473
1417
42522
69048
24375
85895
3815
81983
83605
93630
94118
47756
77247
63604
86709
93563
53687
18396
77643
49050
32964
16716
79598
41610
45192
32539
13113
8225
33439
56958
33943
42075
89530
83721
75833
79001
59763
76301
76876
76362
13490
51875
44235
53533
68527
58167
48766
20592
51310
97537
3121
75619
26711
24457
86833
93797
44693
34088
91665
95179
67102
34734
19941
10983
76054
20505
85476
45726
1928
30174
7818
59390
14046
99948
99315
64289
66071
48470
29998
10025
67298
11582
76241
10083
70697
44721
104
83763
59428
53633
18353
43014
3067
65571
58124
21601
92003
13223
88276
91156
6312
34480
14838
16138
96067
33310
43299
28892
59714
81546
55825
74296
40187
67252
2048
37905
25329
9840
36364
63655
8418
51446
60752
59897
29987
98247
29053
79859
29972
85097
19122
36718
88019
47337
27809
14479
70992
34088
49275
83664
20365
20408
39455
11375
14604
41583
42896
46847
19616
22190
43631
64952
46532
85629
