80644
59933
19422
46081
93197
60925
39190
58080
85819
11757
83922
4248
9830
18383
97853
94491
62670
13087
75049
11397
2369
922
36064
26740
39047
20126
68814
67976
25126
6394
93756
65548
71694
15576
89943
54852
66708
59430
4568
8216
37888
40705
4702
55856
47521
465
39738
54778
82752
41455
1638
85743
78594
8202
10865
43754
23389
38103
67025
82575
4454
77767
14999
78669
93040
31271
39441
6416
2307
11221
56763
25015
99440
27170
62161
93931
31239
28210
24935
38280
48348
60928
43701
92913
36015
78197
32657
58135
2162
16205
49121
33179
39224
53858
33271
32735
56188
22797
81068
7526
9763
81830
69625
82404
51713
69839
81871
75838
60324
90987
77401
53117
57637
94529
17804
49996
39997
9608
56214
77572
70904
6283
36581
50733
49768
98240
55416
71230
36763
21460
4612
20060
93777
25317
54132
95901
98053
94319
10298
56906
92243
15249
49430
1286
51266
25234
72223
22366
40890
45568
97767
405
10528
2155
74540
64792
4639
13368
74831
40052
46492
12004
13056
87746
53473
87312
7766
31167
49237
69729
51139
45817
71646
95441
70158
18549
27531
81242
49288
89368
4421
602
84396
49313
87459
98928
33466
25268
44637
47087
69792
20945
45107
35466
74
11004
66483
13157
17427
35526
97073
42428
90975
9043
54092
56569
67716
17744
37907
39346
98131
8769
21025
20148
48604
65758
3010
22578
53265
49523
739
71210
31223
90761
62763
24725
18342
53184
51406
3435
73570
75757
31564
80431
79492
35919
10213
65099
30510
39308
114
70645
26463
14511
15915
63784
56512
97196
26688
85006
51668
52482
9925
84
10988
23220
21392
4999
75869
33456
84124
15572
4491
98849
95119
70803
19516
93759
52826
20277
90912
79618
45407
83868
23241
77385
79048
49308
35137
32316
99234
9372
49420
55973
19791
60729
74007
90866
76823
65550
61681
97192
84687
87216
16698
4144
95693
32872
80886
12868
75215
88673
58328
77768
39772
64938
66491
73388
21464
76854
69145
85428
29845
6502
5849
70845
21795
97859
81148
45409
90578
88562
84146
67879
45373
80072
19588
74310
92851
79298
24134
41096
63594
60126
10535
75030
82984
65366
50778
81594
84911
93391
91565
39113
47746
85718
4661
4427
86198
30463
70808
98245
91681
77505
5251
35544
85650
86497
66451
40868
91504
51976
88988
89770
23399
26406
13905
55923
7178
86901
10070
28238
18832
1387
43978
79662
47963
57736
96202
15136
48597
48389
96888
23009
73282
63153
41421
93300
94436
51430
95135
80252
23960
46777
51700
92823
71981
65925
66041
74667
89159
4750
70509
85923
26009
89822
99927
47143
70941
51472
10449
77069
801
91235
14243
14671
74169
24463
44911
59191
1915
31472
85054
3447
70381
43862
42066
62409
78529
71659
33891
86395
64885
40950
3699
13930
34581
32529
93671
62881
58330
92199
44487
32728
64045
95520
61483
70652
95081
61499
2979
66633
84748
94903
3606
91532
16319
39747
75392
98707
90880
69731
57923
68878
75503
58286
74029
79249
59209
24245
48016
61315
40167
49957
92455
14728
97299
95874
1519
87509
61407
8829
76639
9422
41858
43492
74049
24797
5011
51532
87792
55232
55670
17081
77397
231
38730
58247
47999
77737
98867
30097
89653
94160
44326
39064
49973
65907
21293
68903
92849
25741
92590
95832
77695
16817
31848
70117
7188
52646
70406
12646
42778
89058
53647
43690
37070
70789
51781
79035
46344
41128
13536
16457
60925
59424
62973
36656
25154
69395
54487
95212
5683
44054
35761
16758
85353
52449
11751
79160
5741
67313
95690
20250
95082
25582
43701
89253
74000
66331
81116
64214
73535
85134
6766
25953
34459
87362
84951
83065
24135
10474
3301
25572
12450
32498
75331
78426
70370
86951
78402
81240
6889
82511
67902
84410
46270
38925
83528
89532
1166
11079
12018
54567
79831
2439
58893
28737
37140
51297
36387
47335
63660
79149
94997
34511
28272
35540
35096
73042
99772
2002
29160
81450
66793
77366
22193
49431
52450
67367
87284
72531
12163
46192
15712
12068
26320
7004
14878
12787
17937
71227
56494
18212
88923
35250
64849
52435
41199
7420
74128
77436
38862
80991
66244
77808
39627
9420
97547
86199
28895
88080
70123
68484
26366
88533
96834
31200
77392
33533
97177
45331
76291
65454
81600
44915
26254
68121
55210
41528
2632
18915
3451
23511
97934
66969
66528
81479
57603
67310
97516
51574
1659
57609
75835
50156
60291
35164
17437
97763
75706
83119
50099
93811
42154
56487
84861
64857
33276
18858
25218
24557
61419
81014
86271
79754
47999
27705
12977
93320
10634
43747
31670
75151
66326
21918
50385
17705
90641
12259
37201
19651
34349
3550
57945
97474
93423
40322
19074
40154
53172
43233
16069
16486
94001
89276
89714
83464
14619
16304
42766
97073
52596
22545
87677
46462
78400
2424
13911
37003
87223
10732
9717
30733
67825
51669
89529
3616
84052
48525
89562
96460
10059
96178
62759
80704
14084
26062
35495
14777
45875
15791
31446
93510
91878
75714
73867
55166
55949
84987
63259
78871
78510
30417
79580
51344
4404
75018
36963
85195
9553
89067
66028
65466
31437
62095
35802
47090
70770
62975
61105
16285
9676
58741
24510
76853
77776
5344
2656
47040
29248
51504
67865
22026
40975
21214
2163
1384
86039
60176
91061
41150
19028
31185
3972
4104
99031
32319
60141
44434
38945
36541
85067
49333
24214
95032
79397
26512
27526
59677
18835
22730
56584
4200
67879
26192
62061
73764
66866
26373
77742
20855
70050
80514
8256
33133
94845
73778
47202
87434
38424
30563
36628
83106
23676
70295
12640
65383
44658
56479
18460
34971
73865
31796
69025
96663
58060
68939
26912
50746
30134
9522
46692
52707
20733
22655
10530
67855
56504
60439
56349
57491
46356
16337
39707
98210
60579
84505
26740
43486
778
69799
294
311
16744
40258
99371
8818
30270
52674
32639
72814
10972
42867
71279
2271
83212
91559
48049
78643
26775
39300
32404
92180
73393
77086
54379
50052
98596
99681
58986
32716
71566
70678
23775
44071
97670
72948
70819
92767
42717
16345
98066
81031
70597
69046
91632
33357
61483
51844
75953
1976
22946
21399
65953
67931
84283
68183
40859
50834
69487
72377
23574
46801
43317
2179
53601
63836
95882
39605
90300
62581
45342
66070
39545
43690
26332
82144
13214
92219
34410
2965
97151
69103
68505
19185
44047
61329
66931
53659
30663
74408
95220
28300
66819
1409
54526
21055
92568
6225
