4768
99064
97592
79577
51603
20773
91169
94754
56692
34308
76177
64912
76518
37143
12662
65553
60095
71828
26400
96214
12901
9404
34348
24748
85119
94899
44423
89757
41656
83530
34248
38481
76458
26751
68153
32287
23065
92956
26179
48875
12116
14162
15371
88525
87399
76705
9344
7644
15384
33093
88729
20968
665
38579
34214
16191
77797
71463
27350
66316
14091
6821
7677
57461
42983
40814
54298
63270
29615
70950
44447
29337
76267
80647
93033
19912
29664
19706
93847
28122
24268
13455
19602
91633
45470
9042
71627
64604
38441
13595
19275
94901
56642
93195
93094
81807
84656
40085
8605
17884
71254
85625
85196
2494
77058
81223
81672
21989
79734
87725
69061
45618
57958
82389
30185
65887
65491
57518
79187
19701
89813
54758
91243
64498
32341
49377
5681
65051
47347
48276
1707
32146
34428
36718
70423
92466
21124
11802
35907
16134
9469
96491
56618
1077
99435
13527
75726
75789
85364
41514
26407
35270
10544
47741
4549
36046
29877
79622
76206
77723
62736
91801
69615
26167
58854
19552
31537
36384
86026
94693
67451
64232
84836
26781
12037
50407
16598
1482
71519
46706
17998
2070
38006
97570
8211
46226
58066
18376
59137
29002
92277
54471
89328
82188
90379
8504
44189
24790
98444
56136
66255
26241
28566
98456
16955
43678
4595
82371
19530
26182
9387
47052
80331
80947
30457
411
22489
24560
25480
91300
52234
79580
95960
34904
57529
1773
4144
38857
307
22764
1198
47969
56287
23558
51427
74483
84644
26987
50356
62858
52015
19890
68213
49532
95795
98678
9087
60455
90416
31918
40054
59169
45725
90385
39130
89276
76461
83757
62541
91456
27173
56683
75082
68110
92560
56328
60105
80225
55443
39731
68954
53164
80082
50996
65965
77111
64114
97277
32200
68980
18580
61703
77074
77195
37580
80033
314
37909
62885
54562
95865
46041
97350
89694
68011
97701
32527
5989
58942
55090
47406
87329
78161
49529
96765
20753
10891
45092
45892
7965
66489
94105
17415
37318
60702
31404
7319
58265
252
14452
83084
1274
65948
84650
34697
45446
61615
32041
28457
61204
98675
93033
63747
40476
48075
58169
72666
76769
32730
28922
32573
29658
60704
45075
16805
92677
53108
78438
34045
20632
32851
58748
37337
86012
6058
87743
54708
33241
89511
85001
81980
66334
77968
92001
9253
23069
98211
83974
27843
49704
95071
76878
20932
42725
92782
25545
43806
17859
27041
92883
8385
40864
25573
27936
11264
21278
15772
38780
1057
66700
53900
48489
19000
39601
4649
97408
69288
99715
92738
67407
80258
91344
31365
99697
98557
51526
37682
162
91904
17326
87279
64202
47448
77611
4990
67875
79998
35844
83864
53750
33529
61883
70074
90231
70948
74982
25775
40783
70579
97545
50342
63348
84802
30761
51837
89727
64612
49318
72832
39889
78026
10341
98669
31921
93453
58383
66149
92570
79226
32370
55906
90885
68510
87936
68278
68091
35433
49668
7146
64655
78969
7106
41983
83505
69370
57463
66276
70917
10342
81206
94036
70375
24476
95177
39894
60193
15373
93228
3463
82942
75171
56062
45257
77738
9394
63809
59342
72455
43227
38400
43118
19661
14813
99531
26446
16643
20530
17513
49648
60287
55359
8967
94599
4205
79847
81136
22837
30111
4474
24620
4425
55060
24590
19183
52913
95288
39777
92114
52531
64656
61005
99964
69765
50351
95100
35716
86479
45763
32846
85397
5543
9014
38562
9781
13931
71061
80253
43376
1826
2132
67780
42956
9961
22116
95196
46863
35859
53798
52701
72462
32063
74217
28697
55211
28836
32726
77846
32726
15639
9710
66808
35963
62208
14010
75052
40966
95481
47143
93157
55793
40677
1386
89800
38259
42749
15606
45359
78753
30390
10329
65825
44153
65333
40889
73571
1356
9434
38998
48584
22228
62075
20748
39678
35749
51050
37198
72834
69377
98778
56876
37391
51848
3027
91121
48530
2116
97040
5388
53971
2229
72709
18991
54608
62240
90311
76991
64063
74163
60985
25792
93751
50787
76921
11186
1785
29259
27963
67198
79639
61668
309
4618
80650
83925
95334
7354
48494
81196
96446
94304
60841
46562
107
66497
20200
87579
44889
54050
94222
5439
14686
23973
57161
97790
50358
12822
99628
65131
61755
29692
30513
3359
63867
68408
23425
64528
69041
68950
28551
45144
33725
80946
6010
72780
34041
96812
75343
61477
54902
58518
69381
28384
94244
57034
27021
99387
52276
93717
14203
27481
85894
86316
10174
30007
25370
82738
24544
41877
70272
79652
86748
72643
73410
48218
89836
65471
59179
95481
75230
37972
84599
53750
86583
14131
11960
35481
31648
5413
29887
32911
91223
81536
7117
15628
16115
71804
85655
55078
59256
41973
17949
26026
79923
90394
80085
58559
57642
94670
79216
42562
91971
41699
20173
75201
11110
20289
23363
10529
65724
73075
61153
88316
87575
29566
72214
23582
21123
74418
74096
30436
3576
50180
49958
46861
35244
35372
81218
95462
74362
89938
53277
61107
93055
52660
10611
96027
68252
75776
51810
83306
56002
62888
13944
71836
73807
6715
7064
5346
77518
84498
99722
74322
94784
64404
18204
29235
46737
21231
35154
68007
44258
84511
55207
18874
89023
42173
8206
87376
31194
98160
22884
4094
90936
35502
86617
38141
22099
46146
98469
87854
69580
75550
73148
49835
30921
87786
5613
14544
53017
81891
28548
74589
152
71652
36604
35826
64645
40863
79301
2973
88270
26801
97017
96347
46127
37869
59455
70420
37367
19961
48236
67349
33315
64102
10876
61933
54217
67379
48384
92684
56361
19258
58454
70651
63324
25948
89584
9013
99802
16850
65923
94264
57563
3862
78522
55380
42948
23720
17279
74675
91878
23794
803
48153
50020
45746
25788
36807
99119
8197
18706
70336
71750
33256
64357
16111
72944
31682
82544
84216
63628
11578
2276
24241
45023
45509
76738
33303
18357
83850
72672
81236
13253
52568
91875
91791
55959
16339
74399
63314
44762
2515
43460
53005
32623
96980
85839
80671
24680
12022
59802
44975
3476
11476
82122
96439
70407
1970
74324
42278
33013
5609
75751
59936
63053
25050
91108
51987
51449
59196
15903
33660
85916
75519
9012
80686
57336
52680
77975
64694
81302
93547
80833
97153
7139
36266
1531
54358
31636
61665
22054
74760
54715
47310
29665
6648
40699
84177
1649
25121
41433
50842
17736
81993
59618
109
55870
67035
95498
83602
3592
72837
10507
63820
92647
42603
39425
68220
11514
3832
